$ANSIBLE_VAULT;1.1;AES256
39356361323461313666623239316138646438613937366639343934373933353064396664666165
3933393062396465343332366464613964383862613539630a636662313934353664373636356237
35303164626133323463353337323437386262643964333634636633323165383565613461323462
6238376339323935660a343562393936393933363931656466653336643238383033323337636238
37623463303061353734343231323235643331646535643964653666613338623738376266356235
39343535326166376162326665323636663361626562666665363834336461303566646434303930
65393131373036643166343635643462313962626661373938666536333832306562343734656436
33343364303133303663613735316334373035636239666230393933663363386631386563386134
30636533653230653733336163396638303331316436343838383537383664343563383763303665
33376331666231663163643638643264376466313433666539656333306464646237356238386334
62656463666565366562393037353036666136303437303436613838333933366266373536663063
30336133366666626266646565616430376430636631646332616236613265363730313739376130
30653836306338316335316537656439313432353264366636353135616335306432653733316539
38656539366366383835346164303637346463356139323032623438306533633462666333383036
32636636623335333734386566613463623934613031646165346366313861653261326134356233
37306133373230653231343236646265373036663665666661616530643734616237663537353466
35396230386661353038363633633135343766353539333039396636646639353637323162326630
3432323638366562313933333030376361326139326464353161
